HandLeft
-0.3774492
0.1256528
2.195861
HandLeft
-0.3772551
0.1257913
2.196148
HandLeft
-0.3772948
0.126211
2.197708
HandLeft
-0.3790116
0.1279476
2.203398
HandLeft
-0.3846468
0.1299239
2.215885
HandLeft
-0.3910494
0.1279498
2.223941
HandLeft
-0.4029492
0.1261168
2.237125
HandLeft
-0.4080623
0.1221847
2.243381
HandLeft
-0.4139878
0.1213243
2.250187
HandLeft
-0.422767
0.1182206
2.257867
HandLeft
-0.4274979
0.1134476
2.260566
HandLeft
-0.4293254
0.1120253
2.266049
HandLeft
-0.4360215
0.110988
2.274552
HandLeft
-0.4394189
0.1115376
2.277333
HandLeft
-0.4403506
0.1129866
2.280162
HandLeft
-0.4416582
0.1112239
2.283903
HandLeft
-0.4420384
0.1068825
2.288039
HandLeft
-0.4425394
0.1051387
2.289474
HandLeft
-0.4439464
0.1040086
2.290123
HandLeft
-0.4469641
0.1028019
2.290152
HandLeft
-0.4551691
0.1028008
2.286305
HandLeft
-0.4917988
0.1219788
2.246493
HandLeft
-0.5239324
0.1535949
2.22289
HandLeft
-0.5667946
0.1979744
2.197023
HandLeft
-0.6227167
0.2270948
2.159982
HandLeft
-0.6854113
0.2727567
2.126712
HandLeft
-0.7142645
0.3600762
2.123025
HandLeft
-0.77463
0.4280508
2.11866
HandLeft
-0.7923777
0.5168176
2.125012
HandLeft
-0.7962404
0.5966572
2.136239
HandLeft
-0.8215064
0.6828554
2.14085
HandLeft
-0.8293155
0.7487635
2.146386
HandLeft
-0.8238804
0.7817646
2.159991
HandLeft
-0.8121499
0.8330139
2.177099
HandLeft
-0.8067364
0.8398598
2.177547
HandLeft
-0.797582
0.8384511
2.183444
HandLeft
-0.8094726
0.8705674
2.227938
HandLeft
-0.8085352
0.8705832
2.22461
HandLeft
-0.8130446
0.8721848
2.215091
HandLeft
-0.8210441
0.8772054
2.199773
HandLeft
-0.8119224
0.8529538
2.18543
HandLeft
-0.8151044
0.8402343
2.176962
HandLeft
-0.8277938
0.8295579
2.129328
HandLeft
-0.8348198
0.8273724
2.118317
HandLeft
-0.8491791
0.8174274
2.089828
HandLeft
-0.861603
0.8002534
2.047436
HandLeft
-0.8866519
0.7848345
2.019596
HandLeft
-0.9050982
0.760502
1.986729
HandLeft
-0.9106137
0.7180837
1.962149
HandLeft
-0.8925356
0.6480551
1.960727
HandLeft
-0.887709
0.5846275
1.960863
HandLeft
-0.8707585
0.5204749
1.965265
HandLeft
-0.8593158
0.4530909
1.980253
HandLeft
-0.8454518
0.3931404
1.989789
HandLeft
-0.8221717
0.3205607
2.016456
HandLeft
-0.8074628
0.2573955
2.031597
HandLeft
-0.769761
0.2134867
2.056865
HandLeft
-0.7314404
0.1792149
2.116143
HandLeft
-0.6928226
0.1399205
2.161816
HandLeft
-0.6630235
0.1030454
2.212271
HandLeft
-0.6443082
0.07892695
2.261953
HandLeft
-0.6274001
0.05528254
2.313029
HandLeft
-0.6095651
0.04995874
2.367339
HandLeft
-0.5935878
0.05292559
2.421077
HandLeft
-0.5848237
0.05239317
2.441915
HandLeft
-0.5932868
0.08113259
2.472378
HandLeft
-0.5940015
0.07827722
2.482708
HandLeft
-0.5950791
0.0800522
2.4916
HandLeft
-0.5939046
0.0790053
2.504976
HandLeft
-0.6001162
0.06733792
2.507694
HandLeft
-0.6117634
0.06788208
2.505426
HandLeft
-0.6245413
0.07022795
2.500052
HandLeft
-0.6358809
0.07839327
2.48929
HandLeft
-0.6390385
0.0882055
2.481994
HandLeft
-0.6391954
0.0952627
2.476894
HandLeft
-0.6362336
0.1066149
2.468944
HandLeft
-0.6302684
0.1174773
2.463355
HandLeft
-0.6168576
0.125501
2.456816
HandLeft
-0.6052468
0.141551
2.451632
HandLeft
-0.5963953
0.1474419
2.452387
HandLeft
-0.5842797
0.1479319
2.451613
HandLeft
-0.5750748
0.1528374
2.452585
HandLeft
-0.5652563
0.1572295
2.464725
HandLeft
-0.5568068
0.1599039
2.471794
HandLeft
-0.553063
0.1698841
2.482397
HandLeft
-0.5513899
0.1738885
2.485758
HandLeft
-0.5529111
0.1790601
2.49288
HandLeft
-0.5602545
0.1968947
2.494555
HandLeft
-0.5755513
0.2243665
2.482669
HandLeft
-0.5962504
0.2480004
2.448153
HandLeft
-0.6253949
0.3034562
2.433045
HandLeft
-0.6380815
0.3647291
2.390439
HandLeft
-0.6468267
0.4484962
2.379228
HandLeft
-0.6537608
0.5184132
2.369033
HandLeft
-0.6946239
0.5763156
2.318237
HandLeft
-0.6669343
0.6519766
2.34271
HandLeft
-0.6844771
0.7285196
2.299745
HandLeft
-0.6598652
0.7989213
2.299879
HandLeft
-0.6312231
0.8353686
2.305288
HandLeft
-0.603216
0.8960608
2.299239
HandLeft
-0.5736248
0.906683
2.317308
HandLeft
-0.5450489
0.9175609
2.34327
HandLeft
-0.5236071
0.937677
2.350136
HandLeft
-0.5082315
0.9453158
2.371023
HandLeft
-0.5031886
0.9350435
2.401198
HandLeft
-0.4891532
0.9444848
2.409642
HandLeft
-0.4841266
0.9453955
2.415019
HandLeft
-0.4774666
0.9455446
2.418598
HandLeft
-0.4753167
0.9452438
2.419529
HandLeft
-0.477154
0.9353966
2.412812
HandLeft
-0.4822195
0.92876
2.401555
HandLeft
-0.5022357
0.8868118
2.376556
HandLeft
-0.5145198
0.8826076
2.372381
HandLeft
-0.5655369
0.8390628
2.352563
HandLeft
-0.5799956
0.8174316
2.343136
HandLeft
-0.614644
0.7746717
2.329867
HandLeft
-0.6461173
0.7321727
2.325482
HandLeft
-0.6795967
0.7141312
2.31763
HandLeft
-0.7124815
0.6753927
2.333594
HandLeft
-0.7313703
0.6528369
2.331415
HandLeft
-0.7648131
0.611658
2.330459
HandLeft
-0.7725159
0.5961624
2.338889
HandLeft
-0.7607084
0.5752398
2.387809
HandLeft
-0.8271849
0.5407411
2.349931
HandLeft
-0.8329283
0.5408248
2.359655
HandLeft
-0.8651953
0.5398263
2.3886
HandLeft
-0.8674765
0.5469469
2.390939
HandLeft
-0.8723509
0.591606
2.407339
HandLeft
-0.8733187
0.6095091
2.402764
HandLeft
-0.8412199
0.6754536
2.432852
HandLeft
-0.8851031
0.7038602
2.409827
HandLeft
-0.8581672
0.7468548
2.406123
HandLeft
-0.8578998
0.7826471
2.405873
HandLeft
-0.855284
0.8166968
2.403612
HandLeft
-0.811454
0.840384
2.423703
HandLeft
-0.7741925
0.8772403
2.412633
HandLeft
-0.754534
0.8975031
2.412139
HandLeft
-0.7166736
0.9346627
2.392361
HandLeft
-0.7000217
0.939534
2.396061
HandLeft
-0.66272
0.9407899
2.407447
HandLeft
-0.6479591
0.9356127
2.408408
HandLeft
-0.6260827
0.9316547
2.409128
HandLeft
-0.574385
0.9015631
2.401589
HandLeft
-0.5701005
0.8976367
2.396459
HandLeft
-0.5454456
0.9090974
2.377311
HandLeft
-0.4952905
0.9196839
2.339601
HandLeft
-0.5043054
0.8887852
2.320867
HandLeft
-0.5064023
0.8861544
2.269589
HandLeft
-0.530731
0.865371
2.21406
HandLeft
-0.5560769
0.8339635
2.152682
HandLeft
-0.5894151
0.780041
2.137285
HandLeft
-0.5747401
0.7280942
2.119882
HandLeft
-0.5754882
0.6932188
2.108094
HandLeft
-0.5713071
0.666769
2.112406
HandLeft
-0.5596121
0.6568851
2.117543
HandLeft
-0.497125
0.6440462
2.034425
HandLeft
-0.4989955
0.6805829
2.166083
HandLeft
-0.4819672
0.7059785
2.178559
HandLeft
-0.4700862
0.7504124
2.20884
HandLeft
-0.4718301
0.762984
2.224099
HandLeft
-0.4703969
0.7623457
2.240201
HandLeft
-0.4523565
0.7543028
2.259363
HandLeft
-0.4407772
0.7464584
2.25326
HandLeft
-0.3933448
0.6806276
2.226436
HandLeft
-0.404652
0.6003891
2.226543
HandLeft
-0.4075702
0.5418834
2.223838
HandLeft
-0.4253734
0.5335388
2.232615
HandLeft
-0.4471205
0.5370415
2.214953
HandLeft
-0.4805226
0.556451
2.169374
HandLeft
-0.5135657
0.5867754
2.190392
HandLeft
-0.5471044
0.6164319
2.167608
HandLeft
-0.571205
0.6326879
2.180588
HandLeft
-0.5896806
0.645143
2.182431
HandLeft
-0.6036057
0.6517265
2.190355
HandLeft
-0.6075203
0.6551009
2.197298
HandLeft
-0.6094639
0.6801731
2.206944
HandLeft
-0.5898013
0.7184526
2.241302
HandLeft
-0.5614879
0.7510923
2.285715
HandLeft
-0.5353963
0.7680592
2.314035
HandLeft
-0.5116785
0.7799986
2.363664
HandLeft
-0.4665242
0.8331241
2.393594
HandLeft
-0.4416432
0.7796029
2.455017
HandLeft
-0.4376421
0.7835692
2.465761
HandLeft
-0.4368902
0.7840226
2.472474
HandLeft
-0.4438381
0.7909426
2.478867
HandLeft
-0.4439659
0.794296
2.4801
HandLeft
-0.4447152
0.7916471
2.479471
HandLeft
-0.4474475
0.7839815
2.473199
HandLeft
-0.4442629
0.7857118
2.473825
HandLeft
-0.443561
0.7861329
2.47385
HandLeft
-0.4437832
0.7850882
2.473777
HandLeft
-0.4430738
0.7857592
2.47458
HandLeft
-0.4430577
0.7856183
2.474679
HandLeft
-0.4416347
0.785702
2.477124
HandLeft
-0.4408454
0.7856987
2.47897
HandLeft
-0.441706
0.7881123
2.484731
HandLeft
-0.4425763
0.7893866
2.490072
HandLeft
-0.4458088
0.7915785
2.502305
HandLeft
-0.4534016
0.7805459
2.511547
HandLeft
-0.4564892
0.7769158
2.519322
HandLeft
-0.453845
0.7834225
2.544319
HandLeft
-0.4544657
0.7881955
2.552592
HandLeft
-0.4581044
0.7928474
2.565947
HandLeft
-0.4563721
0.7945472
2.573723
HandLeft
-0.4517634
0.7966636
2.585932
HandLeft
-0.4530575
0.7989286
2.58583
HandLeft
-0.4535096
0.7987758
2.602597
HandLeft
-0.4528096
0.8016881
2.598896
HandLeft
-0.4567301
0.8126595
2.601555
HandLeft
-0.483941
0.8390883
2.597126
HandLeft
-0.5107625
0.8349303
2.561159
HandLeft
-0.4993762
0.7760701
2.574496
HandLeft
-0.5060112
0.780037
2.554977
HandLeft
-0.5230545
0.7680824
2.531574
HandLeft
-0.5314294
0.7685751
2.507944
HandLeft
-0.5610409
0.7419921
2.468477
HandLeft
-0.5737095
0.7386086
2.431714
HandLeft
-0.5829004
0.7312572
2.406398
HandLeft
-0.6022294
0.6947728
2.360035
HandLeft
-0.612043
0.6642641
2.32662
HandLeft
-0.6178767
0.6349354
2.277828
HandLeft
-0.6186786
0.6136742
2.251395
HandLeft
-0.609988
0.565529
2.236505
HandLeft
-0.6107288
0.5519087
2.198663
HandLeft
-0.6030967
0.5279834
2.162787
HandLeft
-0.5945682
0.5071439
2.108515
HandLeft
-0.5898309
0.4956182
2.102221
HandLeft
-0.5735253
0.4760181
2.072463
HandLeft
-0.5658727
0.4544544
2.051507
HandLeft
-0.5592149
0.4456955
2.038468
HandLeft
-0.5475245
0.4293029
2.009122
HandLeft
-0.5434741
0.4239295
1.999808
HandLeft
-0.5391967
0.4187811
1.992923
HandLeft
-0.5325156
0.4114112
1.975559
HandLeft
-0.5256805
0.4050038
1.966266
HandLeft
-0.522856
0.4037223
1.966995
HandLeft
-0.5158913
0.4016456
1.964751
HandLeft
-0.5076276
0.3984983
1.959846
HandLeft
-0.5001306
0.3976137
1.956208
HandLeft
-0.4916347
0.3973194
1.945108
HandLeft
-0.4856701
0.3989603
1.938167
HandLeft
-0.4758668
0.4067002
1.92768
HandLeft
-0.4681501
0.4207656
1.920205
HandLeft
-0.4592327
0.4429203
1.917859
HandLeft
-0.4528439
0.4700185
1.923361
HandLeft
-0.4471477
0.5115244
1.938949
HandLeft
-0.4443368
0.5431333
1.955752
HandLeft
-0.4447699
0.5930592
1.986284
HandLeft
-0.442928
0.6281562
2.017333
HandLeft
-0.4477452
0.6694356
2.057259
HandLeft
-0.4518218
0.7024533
2.093854
HandLeft
-0.4571646
0.7361201
2.148903
HandLeft
-0.4636316
0.7502135
2.18565
HandLeft
-0.4714066
0.7723357
2.232705
HandLeft
-0.4749658
0.7805983
2.262804
HandLeft
-0.4841205
0.7935387
2.311286
HandLeft
-0.4766818
0.8024604
2.323601
HandLeft
-0.4737055
0.8140025
2.354853
HandLeft
-0.4733949
0.8126025
2.363906
HandLeft
-0.474701
0.811554
2.374066
HandLeft
-0.4763298
0.8100119
2.383911
HandLeft
-0.4777576
0.8051933
2.38693
HandLeft
-0.4898557
0.7928953
2.38926
HandLeft
-0.5002009
0.7846462
2.38539
HandLeft
-0.5052687
0.7800269
2.382267
HandLeft
-0.5225742
0.7692848
2.36681
HandLeft
-0.5262374
0.7651975
2.356207
HandLeft
-0.5465955
0.7468901
2.333196
HandLeft
-0.5564099
0.7471979
2.303308
HandLeft
-0.5663616
0.7322765
2.284883
HandLeft
-0.5828426
0.7256805
2.253457
HandLeft
-0.5949983
0.7170215
2.222543
HandLeft
-0.6090269
0.7133966
2.178811
HandLeft
-0.62142
0.7120155
2.15285
HandLeft
-0.6323418
0.7094455
2.096861
HandLeft
-0.6408781
0.7038538
2.064365
HandLeft
-0.6524796
0.6930381
2.001371
HandLeft
-0.647997
0.6910141
1.943435
HandLeft
-0.6470005
0.6744319
1.877384
HandLeft
-0.6499282
0.6831872
1.791104
HandLeft
-0.6300356
0.6497401
1.754864
HandLeft
-0.6154203
0.6314754
1.688022
HandLeft
-0.5880594
0.6347248
1.599424
HandLeft
-0.5631553
0.6079419
1.530602
HandLeft
-0.5494887
0.5632077
1.494225
HandLeft
-0.5095305
0.5575961
1.387916
HandLeft
-0.4886692
0.5125653
1.366665
HandLeft
-0.4470491
0.4949916
1.292669
HandLeft
-0.4068549
0.4470102
1.227635
HandLeft
-0.3586597
0.4141485
1.16023
HandLeft
-0.3741146
0.3580583
1.169513
HandLeft
-0.3556077
0.3198377
1.133529
HandLeft
-0.343389
0.2823122
1.101658
HandLeft
-0.3286765
0.2509288
1.074227
HandLeft
-0.3174182
0.2093694
1.031682
HandLeft
-0.3132448
0.2079621
1.016807
HandLeft
-0.2928625
0.1666331
0.9702829
HandLeft
-0.2885098
0.1554407
0.9314929
HandLeft
-0.2902396
0.175185
0.9003413
HandLeft
-0.2908539
0.1542832
0.8894322
HandLeft
-0.3363594
0.2467158
0.8853939
HandLeft
-0.3402769
0.2587193
0.8781598
HandLeft
-0.3356226
0.1829792
0.7387739
HandLeft
-0.6588025
0.3979899
0.9348607
HandLeft
0.1023132
0.360572
0.8319237
HandLeft
0.07507528
0.1647058
0.8312935
HandLeft
0.2024979
-0.2089285
0.8269266
